44.81734481
41.54995204
45.8343345
14.33922704
14.42371985
15.45346063
21.91860622
24.23316342
25.07220566
7.579748428
7.686851089
7.771209116
30.48568768
31.33475937
30.28975542
9.267326252
9.06450839
7.740606004
121.923825
114.1076766
138.2445746
33.09102444
31.88603808
35.39008353
117.5141425
114.236695
133.2351732
28.57412424
27.51975312
29.61156173
104.5044788
109.8520482
93.6660199
33.49674803
29.47980137
28.43313082
30.77033067
27.08371067
32.22423678
10.23599047
7.93843791
8.230390354
28.16021057
29.10403515
25.31712423
9.131377148
7.467994012
7.938133726
16.39310275
18.76194178
14.90073034
16.67923374
14.82719609
15.04070458
7.570977428
7.793341888
6.928281327
6.502433337
6.950421012
7.531995288
9.999886551
9.102818753
10.5567602
7.996564728
7.249331197
9.076112463
33.727492
36.59307105
33.60814657
34.73743571
36.20856464
32.63368367
23.2492014
28.46908974
27.16275992
27.82415489
33.57950931
29.14947989
29.23254284
24.43662513
31.37485304
33.37666565
28.52920219
35.38066173
8.346668129
7.69672107
7.554334008
8.56603317
8.647612493
8.217202177
10.495783
8.929921701
10.59716023
9.664491406
10.01255666
7.770267293
